var_sequence,1_0_1,1_0_2,1_0_3,1_60_1,1_60_2,1_60_3,1_180_1,1_180_2,1_180_3
AGCCAAA,6207.0,4963.0,5361.0,5345.0,5430.0,4577.0,5768.0,6431.0,6672.0
AGCCGAA,6241.0,5470.0,6118.0,6236.0,5572.0,5036.0,6471.0,6764.0,7968.0
AGCCAGA,6848.0,4966.0,5885.0,5961.0,6022.0,4649.0,5982.0,6730.0,7101.0
GGCCAAA,6859.0,5009.0,7274.0,6623.0,6305.0,5467.0,6930.0,8009.0,7607.0
AGCCGGA,6903.0,6293.0,6436.0,6488.0,6388.0,5433.0,7018.0,7693.0,8852.0
AGCCGAG,7003.0,6024.0,7658.0,6813.0,6493.0,5184.0,6527.0,8677.0,8379.0
AGCCAAG,7358.0,5444.0,6449.0,6508.0,5431.0,5107.0,6161.0,8119.0,7510.0
AGACAGA,7362.0,5812.0,7401.0,6388.0,6200.0,5111.0,6088.0,7374.0,7076.0
GGCCGAA,7464.0,5611.0,7562.0,6547.0,6993.0,5592.0,6921.0,8056.0,8830.0
GGCCAGA,7474.0,6272.0,6626.0,6225.0,6493.0,5207.0,6694.0,8027.0,8344.0
AGACAAA,7525.0,4837.0,6529.0,5368.0,5577.0,4581.0,5332.0,5995.0,6696.0
GGCCAAG,7880.0,5702.0,7165.0,6733.0,7042.0,5756.0,7548.0,8494.0,8805.0
AGCCAGG,7931.0,5692.0,6854.0,7185.0,6555.0,5062.0,6973.0,7747.0,8464.0
AGACAAG,8023.0,7167.0,7760.0,6326.0,6624.0,5188.0,5872.0,7318.0,8613.0
GGCCAGG,8056.0,6193.0,7577.0,7597.0,7807.0,5554.0,7842.0,8910.0,9069.0
AACCAGA,8135.0,7675.0,7911.0,8183.0,7332.0,6486.0,8973.0,10233.0,10646.0
AGACGAA,8157.0,6213.0,7089.0,5837.0,5982.0,4904.0,6005.0,7070.0,7065.0
AGACGGA,8168.0,6607.0,6965.0,6657.0,7046.0,5999.0,7014.0,7423.0,8246.0
GGACAAA,8706.0,5676.0,8198.0,6220.0,7278.0,4940.0,6500.0,7742.0,7430.0
GGACGAA,8758.0,7445.0,8103.0,6740.0,7163.0,5525.0,6953.0,7480.0,8438.0
GGACAGA,8800.0,6220.0,7961.0,7063.0,7346.0,5563.0,6956.0,7643.0,9237.0
AACCAAA,8923.0,6086.0,7360.0,7369.0,7880.0,5875.0,7960.0,8850.0,10791.0
GGCCGGA,9021.0,5870.0,7209.0,6802.0,7646.0,6461.0,8818.0,9453.0,10148.0
AGACGAG,9025.0,7179.0,7330.0,6632.0,6937.0,6027.0,6592.0,7226.0,8509.0
GGCCGAG,9120.0,7079.0,8915.0,6777.0,8112.0,6234.0,8507.0,8877.0,10741.0
GGACAAG,9264.0,8153.0,8871.0,7235.0,7618.0,5945.0,7500.0,8864.0,9425.0
AACCAAG,9334.0,6995.0,9007.0,8568.0,8288.0,6790.0,8620.0,10483.0,10887.0
AGCAAAA,9440.0,6927.0,7547.0,7092.0,7266.0,6062.0,7572.0,8397.0,9938.0
AGCCGGG,9455.0,6657.0,7265.0,7216.0,7839.0,6757.0,8281.0,9564.0,9396.0
AGACAGG,9469.0,7145.0,7731.0,7462.0,6939.0,6593.0,6958.0,8227.0,8827.0
AGCAAGA,9685.0,7323.0,8545.0,8540.0,8005.0,6486.0,8195.0,10086.0,10707.0
AACCGAA,9793.0,7870.0,7819.0,8623.0,8220.0,6582.0,8862.0,10190.0,11042.0
AGAAAGA,9799.0,7552.0,10231.0,8084.0,8410.0,6800.0,7786.0,9552.0,10280.0
AGCAGAG,9804.0,8300.0,10268.0,9182.0,9273.0,7849.0,9682.0,11582.0,12586.0
AGACGGG,9819.0,8151.0,9410.0,7727.0,8048.0,6578.0,7862.0,8723.0,8794.0
GGCCGGG,9896.0,8325.0,8927.0,8572.0,9428.0,7383.0,9769.0,10725.0,11346.0
GGACGAG,10052.0,8661.0,9611.0,7772.0,8085.0,6379.0,8082.0,8818.0,9885.0
AGAAAAA,10062.0,8143.0,9579.0,7627.0,7762.0,6356.0,7769.0,9494.0,9799.0
AGCAGAA,10094.0,7945.0,9125.0,8004.0,8618.0,6207.0,8687.0,9823.0,10809.0
AAACAGA,10116.0,8488.0,9457.0,7848.0,7561.0,6601.0,8256.0,9005.0,10165.0
AGCAGGA,10166.0,7947.0,9072.0,8487.0,8350.0,7283.0,9227.0,10507.0,12384.0
AACCAGG,10197.0,8849.0,9735.0,9562.0,8548.0,7429.0,9908.0,11284.0,11685.0
AAACGGA,10234.0,7721.0,9605.0,7605.0,8918.0,6825.0,8151.0,9500.0,10904.0
AACCGGA,10273.0,7475.0,9402.0,8652.0,8335.0,7083.0,9176.0,10241.0,11588.0
AGCAAAG,10282.0,8059.0,8999.0,8294.0,8055.0,6803.0,8791.0,10369.0,11010.0
GGACGGA,10282.0,7373.0,8021.0,7658.0,7968.0,6479.0,8233.0,8866.0,9628.0
GACCAAA,10305.0,7747.0,9794.0,8761.0,8944.0,6986.0,9566.0,10989.0,11923.0
GACCAAG,10524.0,8792.0,9780.0,9263.0,9688.0,7788.0,10092.0,11259.0,13602.0
GACCGAA,10527.0,8824.0,10024.0,9732.0,9665.0,7178.0,10350.0,11120.0,11852.0
GGCAAAG,10562.0,10139.0,10492.0,9541.0,9351.0,7601.0,9738.0,12047.0,13280.0
AAACAAG,10568.0,8291.0,10160.0,7709.0,8477.0,6153.0,8090.0,10036.0,10370.0
GAACAAA,10593.0,7956.0,9656.0,8321.0,8423.0,6703.0,9563.0,10619.0,9902.0
AAACGAA,10641.0,8175.0,8939.0,8023.0,7476.0,6494.0,8048.0,9985.0,9725.0
AAACAAA,10658.0,8506.0,8688.0,7586.0,7043.0,5933.0,7633.0,8927.0,9802.0
GGACGGG,10700.0,9889.0,10200.0,9679.0,9436.0,7165.0,9156.0,10044.0,11932.0
AAACAGG,10770.0,9216.0,10591.0,8895.0,9077.0,7166.0,8399.0,10791.0,11342.0
GGCAAGA,10859.0,8560.0,9716.0,9228.0,9150.0,7919.0,10452.0,10394.0,12503.0
AACCGGG,10968.0,9478.0,11195.0,10251.0,10837.0,8511.0,11173.0,12365.0,13579.0
AACCGAG,10982.0,9035.0,9381.0,9561.0,9033.0,7507.0,9943.0,11122.0,12596.0
GACCAGA,11005.0,8803.0,9768.0,9249.0,8919.0,7377.0,10546.0,10740.0,12495.0
AGAAGAA,11049.0,8121.0,9259.0,8216.0,8263.0,6550.0,7368.0,8655.0,9726.0
GGACAGG,11234.0,8545.0,9347.0,8099.0,8470.0,6324.0,8372.0,9291.0,9870.0
AGCAGGG,11285.0,9077.0,10466.0,9697.0,10093.0,8130.0,10789.0,12000.0,13414.0
GAACAGA,11293.0,9675.0,10867.0,9713.0,9066.0,7708.0,9671.0,10514.0,11222.0
AGAAGGA,11353.0,8467.0,9638.0,8936.0,8667.0,7430.0,9044.0,9668.0,12039.0
GAACGAA,11411.0,9370.0,10234.0,9389.0,9047.0,6969.0,8278.0,11077.0,10929.0
GACCGGA,11435.0,9261.0,10793.0,9736.0,9931.0,8334.0,11007.0,12820.0,13575.0
AGCAAGG,11450.0,7825.0,10701.0,9884.0,9770.0,7951.0,10250.0,11817.0,13141.0
GGCAGAA,11520.0,8625.0,9735.0,9257.0,8545.0,7350.0,10611.0,11404.0,11459.0
GGCAGGA,11526.0,9188.0,10793.0,9769.0,10051.0,8182.0,10268.0,12674.0,13973.0
AAACGAG,11528.0,8850.0,10120.0,9196.0,9063.0,7338.0,8859.0,9883.0,11246.0
AGAAAAG,11537.0,8501.0,10292.0,9483.0,8237.0,7125.0,8239.0,9716.0,10998.0
GGCAAAA,11550.0,8668.0,9954.0,8945.0,8583.0,7086.0,9214.0,11074.0,11513.0
AACAAGA,11812.0,9297.0,10703.0,10482.0,11371.0,8889.0,11569.0,12765.0,13543.0
GACCAGG,11854.0,10351.0,11459.0,10680.0,9925.0,8609.0,11032.0,12904.0,12724.0
GGAAAAG,11951.0,8990.0,12056.0,9996.0,9944.0,8231.0,9066.0,11676.0,12408.0
GGAAAAA,11952.0,8561.0,10755.0,9413.0,8915.0,7147.0,9106.0,10388.0,12041.0
GAACAGG,11958.0,8939.0,11613.0,10275.0,9806.0,8772.0,10619.0,11647.0,12504.0
GAACAAG,12043.0,10017.0,10961.0,9061.0,9094.0,7158.0,9223.0,11241.0,11556.0
GGAAGAA,12207.0,9158.0,10747.0,9184.0,9566.0,7681.0,9436.0,11127.0,11210.0
GAACGGA,12468.0,9275.0,11384.0,10807.0,9280.0,8286.0,10601.0,11857.0,12886.0
AAACGGG,12506.0,9131.0,11715.0,10140.0,9577.0,8180.0,9967.0,11873.0,12759.0
GGCAAGG,12516.0,8848.0,11823.0,10820.0,11746.0,9114.0,11700.0,13588.0,14181.0
GGAAAGA,12533.0,8955.0,11164.0,9471.0,9264.0,7279.0,9548.0,10968.0,12022.0
AACAAAA,12548.0,10316.0,11518.0,10759.0,11074.0,8567.0,11150.0,13023.0,13628.0
GAACGAG,12667.0,11202.0,11831.0,10635.0,9939.0,8182.0,9561.0,10911.0,12575.0
GACCGAG,12668.0,8809.0,11625.0,10520.0,10286.0,8944.0,11426.0,13093.0,14571.0
GGCAGAG,12694.0,9389.0,11098.0,10754.0,9794.0,8276.0,11394.0,12663.0,14301.0
GGAAAGG,12739.0,11043.0,12406.0,11374.0,10840.0,9524.0,11446.0,12274.0,14004.0
GGAAGGA,12775.0,10602.0,11749.0,10494.0,10375.0,8254.0,11690.0,11935.0,13001.0
AGAAGAG,12816.0,9241.0,10817.0,8678.0,9618.0,7311.0,8580.0,10154.0,11192.0
AGAAAGG,12985.0,9553.0,10662.0,10365.0,9094.0,8465.0,9465.0,11446.0,12219.0
GACCGGG,12991.0,10353.0,12165.0,11419.0,11416.0,9366.0,13087.0,15041.0,15116.0
AACAGAA,13135.0,10259.0,11774.0,10731.0,11267.0,8845.0,11495.0,12978.0,14244.0
AACAGGA,13342.0,10744.0,12957.0,11858.0,11433.0,9803.0,12539.0,14342.0,16359.0
AAAAAGA,13448.0,11402.0,13008.0,10937.0,11111.0,8740.0,11365.0,12668.0,14398.0
GGAAGAG,13495.0,10787.0,12447.0,10671.0,10788.0,8304.0,10472.0,12150.0,13140.0
AGAAGGG,13558.0,11325.0,12238.0,10458.0,10834.0,8569.0,10336.0,10807.0,12669.0
GGAAGGG,14056.0,11474.0,14011.0,12350.0,11767.0,10055.0,11535.0,12967.0,15189.0
GAACGGG,14077.0,11412.0,13434.0,12037.0,11477.0,9425.0,11651.0,12782.0,15274.0
GGCAGGG,14251.0,10976.0,12686.0,12046.0,12309.0,9450.0,12493.0,15098.0,14177.0
AACAGAG,14271.0,10982.0,12884.0,11642.0,12662.0,9774.0,13074.0,14858.0,16481.0
AAAAAAA,14274.0,10861.0,12838.0,10927.0,9683.0,8798.0,9846.0,11799.0,12712.0
GACAAAA,14274.0,11439.0,12793.0,12105.0,12382.0,9591.0,12268.0,14211.0,15395.0
AAAAGAA,14357.0,11140.0,12587.0,10677.0,10613.0,8834.0,10252.0,11695.0,12753.0
AAAAGGA,14440.0,11839.0,13347.0,12108.0,11631.0,9391.0,11610.0,13873.0,15398.0
AAAAAAG,14496.0,13449.0,12962.0,11101.0,11383.0,9300.0,11288.0,13118.0,15554.0
GACAAGA,14808.0,11475.0,13311.0,13204.0,12645.0,10837.0,14199.0,14749.0,17090.0
AACAAGG,14866.0,11106.0,13674.0,13456.0,12576.0,10944.0,13829.0,14700.0,15680.0
GACAAGG,15104.0,11620.0,15723.0,14520.0,15303.0,11956.0,16076.0,17203.0,19103.0
GAAAAAA,15157.0,11976.0,14332.0,12355.0,11851.0,9224.0,11199.0,14273.0,14884.0
GACAGAG,15201.0,12885.0,14383.0,13635.0,13449.0,10951.0,14887.0,16494.0,18612.0
GACAAAG,15229.0,13375.0,14486.0,13466.0,12816.0,10657.0,14197.0,15798.0,18134.0
AACAAAG,15340.0,10528.0,12391.0,11429.0,11344.0,9694.0,12223.0,15151.0,15218.0
GACAGGA,15645.0,13408.0,14720.0,13575.0,12803.0,10767.0,14944.0,16202.0,19017.0
AACAGGG,15751.0,12866.0,14730.0,14171.0,13873.0,11492.0,15491.0,16198.0,18292.0
GACAGAA,15963.0,11803.0,14329.0,12449.0,12624.0,9949.0,14187.0,15066.0,16973.0
AAAAAGG,16082.0,13059.0,14351.0,12426.0,12471.0,10667.0,13058.0,14783.0,15901.0
AAAAGAG,16290.0,12702.0,14323.0,12623.0,12139.0,9949.0,12061.0,13571.0,14860.0
GAAAAGA,16370.0,12976.0,15541.0,13295.0,13042.0,9605.0,12923.0,14466.0,16653.0
AAAAGGG,16488.0,13660.0,15811.0,12745.0,12906.0,11156.0,13240.0,15951.0,17203.0
GAAAGGA,16719.0,13299.0,15548.0,13657.0,14010.0,11151.0,12996.0,17162.0,16636.0
GAAAGAA,16771.0,13673.0,14968.0,11669.0,12007.0,10026.0,12705.0,13782.0,14780.0
GAAAAAG,16906.0,12742.0,15168.0,13522.0,12987.0,11010.0,12700.0,15943.0,16913.0
GACAGGG,17492.0,14871.0,16260.0,15014.0,15317.0,12145.0,17416.0,18756.0,19794.0
GAAAGAG,18467.0,15302.0,16894.0,13902.0,13328.0,11201.0,13891.0,16688.0,17230.0
GAAAAGG,18770.0,16592.0,16424.0,14107.0,14976.0,11619.0,14855.0,16977.0,19394.0
GAAAGGG,19089.0,14007.0,16836.0,16029.0,15013.0,12478.0,15329.0,17164.0,19516.0
